   1.00000000    
   2.00000000    
   3.00000000    
   4.00000000    
   5.00000000    
   6.00000000    
   7.00000000    
   2.08631099E-10
   9.00000000    
   10.0000000    
   11.0000000    
   12.0000000    
   13.0000000    
   14.0000000    
   15.0000000    
   16.0000000    
   17.0000000    
   18.0000000    
   19.0000000    
   1.39003488E+31
   21.0000000    
   22.0000000    
   23.0000000    
   24.0000000    
   25.0000000    
   26.0000000    
   27.0000000    
   28.0000000    
   29.0000000    
   30.0000000    
